13390
2150
1098
2712
3253
1873
1905
3044
2427
1524
2240
5053
2112
1274
2198
1640
1096
2177
1905
1169
1932
2661
1192
 785
1280
1710
1287
 636
1739
1025
1578
1965
1694
1207
1097
2324
1516
2414
1702
5313
3289
 601
 667
 891
1078
4365
1215
2375
3951
 809
1785
5895
 755
2140
1192
1091
2710
1178
2073
 741
 989
1242
3346
3626
 931
 926
5199
 630
1090
 597
1186
1494
 954
 858
1407
 967
 999
1138
1519
1414
1028
1166
1580
 783
 830
1133
 844
1581
1327
 930
 640
5561
1588
 525
1686
1669
1036
 805
1517
 725
 764
1211
1042
1035
 744
1435
1151
 403
1180
 976
 991
 541
1234
 875
 604
 935
1767
 508
 558
1115
5030
1073
1849
 888
 720
1067
1384
 985
 503
1464
1300
 637
 638
1877
1086
 950
1470
1367
 715
1957
1189
1426
1414
4020
2013
 998
4055
2529
1695
2186
1312
3752
 736
 426
7637
 870
1044
 532
 898
 777
 646
1324
2517
 618
1100
1068
2559
2214
 814
 759
 560
 834
1296
 693
 572
 988
 660
 546
 712
2022
1199
 562
1289
 759
 582
 856
1058
 455
 601
1182
 830
 496
 681
 843
 726
 437
 392
1959
 440
 654
 544
 583
 724
 468
 895
 583
1035
1537
 834
 549
1123
 790
 504
1372
 888
 786
 449
 925
 960
 718
 671
1026
 752
 675
 660
 555
 711
1707
 819
 717
1755
1440
 919
 467
2807
1140
 931
1738
1222
1694
1283
 564
 974
1419
 947
 893
 776
 545
 634
 366
 668
 758
 835
2930
1753
1483
 878
 730
1543
1277
2605
1341
 950
3885
3206
3330
 671
 462
 606
 455
1016
 473
 529
 736
 855
 555
1103
 978
 797
 607
 903
 432
 963
 954
 827
 799
 426
1049
 596
 470
 710
 541
 626
 581
 835
 784
 447
 720
1275
 540
 417
 921
 691
 857
 473
 707
 677
 547
3558
 773
 745
1358
 412
 511
 444
 871
2303
 460
 595
1009
 477
 531
 730
 878
 864
1556
1501
 519
1616
1311
 658
 643
 706
1473
 938
 644
 771
 593
1506
 883
 865
1321
2071
 966
1723
2599
 688
 486
 550
 797
2003
 842
 516
1317
 604
 462
 625
 407
1140
 408
 928
1409
 555
 420
 873
 739
 855
1681
 756
 530
 307
 867
 736
 529
 712
 466
 539
 458
 414
1328
 333
 739
 389
 355
 631
 646
 717
 570
1630
 932
 357
 433
1011
 572
 415
 555
 380
 519
 383
 324
 520
 427
1840
 315
 410
 271
1006
 464
 791
 522
 729
 540
 412
2845
 501
 537
 640
 431
1229
 368
2025
 957
2930
1027
 610
1106
 476
1240
1445
1212
 506
 946
 670
 382
 733
1756
1472
1544
1421
 819
 681
1277
 805
2654
1260
 694
 583
2448
 274
 535
 425
 811
1754
 370
1139
 515
 474
1394
 991
 957
 813
 361
1045
 529
 518
 553
 375
 678
 404
 872
 654
 647
 892
 719
 721
1359
 906
 553
 611
1298
1065
 728
 409
 833
 670
 552
1218
 778
 881
 413
1114
 643
 397
1239
 772
 834
 481
 943
 772
 495
 820
1413
 660
 548
1122
 649
 670
1551
 954
 626
 313
1302
 639
 801
 523
 825
 886
 422
 659
 890
 671
2210
 691
1295
1409
1049
 844
 484
 795
1538
 329
 395
4152
 436
 409
2395
 967
 824
1854
 529
1477
3016
5190
 388
 911
2639
4287
3552
 507
 382
1947
1419
 355
 802
 659
 647
 993
1040
 950
 506
 769
 832
 483
1272
 730
 488
 396
1058
 710
 992
 951
1220
 459
 923
 978
 789
 483
 409
 732
1232
 344
1180
1052
 419
 697
 804
 816
 447
1100
 770
 524
 958
1285
 735
 365
1551
 526
 745
 912
 709
1899
 438
 649
 631
 359
 391
 926
 737
 336
1055
 582
 656
 951
 782
 853
 306
1143
 575
 735
1026
 937
 516
1872
1331
 712
1223
1008
1293
1294
1486
 388
1994
 992
 576
 840
 441
 614
 883
 685
 596
1081
 751
 983
 378
 842
1746
 654
 861
1327
 641
 596
1345
 766
 605
1177
1010
 574
 410
 370
 424
 594
 739
 819
 676
 769
 848
 694
 601
 998
1220
 686
 450
 627
 649
 400
 985
 795
 754
 506
 838
 724
 582
 502
 552
 497
 416
 801
3405
 480
 449
2496
 556
 445
 932
 674
 640
 545
1302
 537
 842
1259
 541
 521
 506
 827
1050
 354
 938
 591
 569
1086
 580
 576
 823
1320
1049
 422
 749
 687
1029
 764
1098
1003
1105
1034
1470
 466
 329
1135
 576
 433
1289
1716
1401
 562
 754
 827
 489
 949
2121
 612
 375
1007
3405
2589
 425
 910
 566
2096
1713
1453
 624
 668
 992
 849
 545
1001
 827
 488
 586
1008
 775
 363
1200
 752
 573
 756
1615
 595
 805
 906
 691
 617
 973
 835
1309
 267
 907
 674
 554
1000
 716
 728
 705
 887
 728
 449
1099
 857
 439
 801
 956
 935
1382
 947
 784
 454
 626
1123
3908
 267
 568
1219
 743
 503
 720
 477
 756
 809
1223
 808
 438
 768
 369
1061
 694
 626
 627
 474
3101
 519
1276
 534
1920
1620
1000
 591
1746
1172
1033
 730
1121
 715
 747
 627
 550
 840
1305
 582
 942
 808
 422
 810
 376
1490
 760
1067
 601
 509
 570
 400
 628
 545
 707
 560
 367
 432
 759
 896
 805
 502
1205
 593
 579
 639
 662
 511
 479
 575
1317
 592
 394
 976
 486
 310
 730
 601
 562
 839
1642
 510
 468
1085
 471
 422
 401
 955
 549
 270
2011
 627
 582
1070
 462
 550
 642
 693
 805
 318
 546
 793
 512
 516
1072
 409
 847
3180
 763
 442
 359
2386
 518
 477
2873
 333
 956
 515
1044
 691
 511
1585
 719
 498
 656
 702
 621
1789
 469
1423
1186
 268
 578
 555
 522
1102
 660
 499
 336
1550
 471
 542
 336
 887
 570
 616
 872
 874
 388
1160
1399
 612
 478
 698
 487
 711
 905
 776
 978
 277
 761
 473
 500
2165
 362
 329
 281
 658
 898
 541
 529
 853
 710
 391
 942
 461
 372
 642
1779
 319
 405
1231
 722
 511
 969
 607
1275
 441
 917
 519
 545
 608
 399
 546
 422
 521
 884
 474
 703
 928
 395
 301
1577
 465
 790
 926
 627
1198
 559
 639
 753
 500
 875
 658
1778
 559
1045
 399
2194
 391
 899
 404
 486
1193
1785
 961
1152
 794
 638
 307
1167
1676
1048
 746
 640
 619
 701
1848
 561
 912
 852
1090
 535
4537
 808
 530
 608
 710
 900
 620
 412
1203
 674
 404
1363
 838
 696
 344
 679
1212
 424
 356
 677
 466
 573
 428
 628
 352
 604
 747
 585
 323
 473
 605
 619
1143
1177
 527
 365
1111
 513
 643
 660
 744
 569
 308
 964
 572
 568
1057
 830
 724
 312
 956
 676
 414
 956
1270
 796
 677
 898
 705
 554
 412
 677
 951
 582
1106
 529
 685
1282
 746
 424
 385
 649
 697
 493
1097
2652
 588
 399
1656
 594
 634
1061
1330
1045
 622
 625
2566
1104
 750
4241
3453
4401
 732
 475
11309
 304
 813
 719
 411
 708
 764
 504
1321
 702
 777
 274
1754
 744
 434
 564
 941
 885
 280
 985
 662
 389
 830
 679
 639
 449
 868
 755
 580
 448
 671
 586
 325
1038
 553
 563
 567
 732
1358
 327
 861
1466
 635
 729
 784
 730
 323
 695
 910
1526
 770
1698
 507
 303
1884
 719
 908
 877
 755
1770
1037
1020
 679
 559
1218
 749
 738
1159
1005
1331
 492
 782
 765
 488
 513
1040
 488
1118
 415
1943
1290
 860
 718
2478
 820
 967
 596
 908
 547
1424
1409
 424
 863
1023
 936
 682
1613
 797
 606
 698
 899
 884
 333
1110
 599
 314
 403
 329
 377
 295
 637
 722
 512
 677
1166
 579
 482
 727
 585
 546
 470
 604
 446
 539
 864
 558
 381
 946
 282
 296
 260
1106
1293
 564
 959
1453
 599
 381
 621
 531
 440
 346
 564
 328
1778
1029
 742
 523
 961
 689
 992
 535
3444
 841
 368
1261
 858
 545
 449
 729
3278
1014
 335
1311
 524
 341
1355
 349
1262
 460
1381
1866
 583
 835
1444
1182
1335
 779
 533
 488
 884
 479
 784
 883
2173
 475
 763
1163
 650
 473
 902
1455
 653
 375
 944
1019
1161
 851
 719
 606
 418
 601
 587
 543
1019
 812
 840
1194
 378
 327
 346
 700
 607
1004
 267
 838
 538
 559
 996
 601
 562
 372
 705
 688
 424
1343
 586
 848
 702
 464
 704
 493
 373
1203
 775
 457
 981
 443
 426
 454
 762
4378
 347
 953
 434
 439
 512
 740
 514
 559
 690
1368
 533
 951
1048
 770
 691
 877
 611
 880
 623
 427
 428
1361
1128
 393
1653
1037
3558
2196
1085
1605
 430
 504
 371
 648
 667
 618
1176
 471
 543
 445
1066
 834
 778
 791
 770
1148
1281
1543
 651
 512
1017
 586
 499
 656
 760
 634
 474
 674
 902
 444
 266
1055
 670
 622
 944
 274
 495
 490
1110
 489
 626
1168
 535
 517
 526
 585
 681
1061
 349
 507
 463
 943
 895
 425
 542
 781
 489
 580
 835
1386
 703
 323
1106
 706
 535
 507
 838
1839
 388
 914
 655
 930
 843
 644
 518
 324
 654
 640
 507
 596
2267
 528
1262
1064
 430
1111
1461
 574
1659
 804
 608
1787
 967
 712
 803
 609
 897
1162
1511
 480
 552
2206
 822
1189
 623
1511
1038
 644
 883
2015
 847
 853
1160
 743
 778
1496
 955
 538
 796
 791
 586
 759
1047
 511
 302
 790
 702
 581
1170
 735
 631
 341
1277
 924
 415
 731
 759
 520
 493
 581
 642
 588
 949
 924
 328
 269
 992
 483
 362
 533
 739
1254
 289
1186
 750
 337
 622
 456
 296
 420
 285
 400
 418
 326
 528
 667
 653
1017
 711
 884
 430
 725
 674
 389
1116
 409
 490
4259
 687
 540
1223
 775
 570
1040
 407
1291
 368
1813
 281
3254
 602
1034
1955
 990
1953
3330
 715
 387
 559
 609
 448
 414
 724
 362
 571
 452
 914
1172
 442
1007
 870
 488
 416
 990
 465
 351
1907
 719
 613
 448
 523
 424
 374
 688
 958
 443
1495
 624
 639
 260
 627
 615
 468
 352
1401
 451
 327
1208
 376
 471
 240
 523
1109
 425
3301
 386
 282
1846
 516
 491
 302
 777
 954
 617
 984
 919
 420
 557
 568
 416
 483
 434
 760
 393
 331
1072
 434
 503
1125
 468
 389
 369
1101
 761
 346
 648
 778
 433
 810
 737
 422
 420
 384
 592
 652
 441
 674
1372
1479
 989
 929
 420
 937
1055
 626
 765
 574
 648
 445
1002
 791
 652
 920
 604
1881
1057
 779
 835
 347
 691
 346
 425
 509
 700
1129
 650
 404
 287
 579
 396
 628
 944
1421
 358
 867
 865
 762
 261
 702
 424
 518
 301
 675
 454
 261
 438
 411
 368
 858
 860
 643
 280
1071
1409
 286
 316
 720
 349
 520
 778
5669
 318
 262
 826
 568
 310
1273
 728
 483
 653
 726
 733
 332
 991
 686
 941
 942
 615
 364
 584
 839
 448
 490
4117
2940
 467
 297
 605
1564
1432
 452
1819
 609
1377
1032
 697
 590
 675
 737
 608
1302
 859
1538
 501
 612
 657
 986
 858
1291
3046
 403
 349
1383
 562
 444
 803
 729
 855
 461
 941
 904
 423
 478
 887
 438
 909
 840
 613
 629
 937
 642
1197
 423
1045
 565
 232
1129
 416
 308
 501
1036
1500
 292
1053
 810
 542
1072
 651
1720
 367
 820
 801
 373
 565
 590
 558
 301
 934
 532
 850
 688
1051
 390
 401
1276
 277
 364
 369
1085
 600
 230
 931
 543
 274
 473
 674
 436
 359
 785
 347
 794
 862
 958
 578
 269
 884
 356
 758
 316
 560
1501
1227
 558
 516
 565
 322
1885
 920
 739
 930
 573
 851
 854
 726
2121
 886
1710
 401
 335
 670
 520
 540
 704
 642
 659
 563
 885
 574
 585
 751
 768
1033
 679
 706
 614
 456
 334
1016
 642
 283
 926
 421
 552
 299
 439
 376
 254
1975
 517
 595
 265
 777
 580
 600
 841
 572
 564
 397
 864
 477
 351
 456
 592
1070
 304
 729
 405
 680
 620
 454
 461
 625
 754
 427
 401
 378
 910
 283
 440
 580
 350
1072
 852
 522
 723
 253
1715
 366
 344
 757
 715
 470
 332
1642
 524
 442
 326
 636
 570
 502
 925
 482
1236
 546
 593
 434
 434
1049
 606
 617
 325
 947
 788
 521
 779
 472
2174
 353
 637
 890
 542
 528
 635
 415
 862
 679
 448
 429
 559
 514
 697
 548
 780
 640
 251
1176
 624
 434
 401
 971
 616
 278
 574
 427
 367
 410
 584
 413
 538
 690
 611
 397
 308
 793
 368
 869
 727
 441
 371
 468
 703
1307
 469
 851
 502
 623
1958
1018
 382
 567
 676
 922
 382
 540
1068
 567
 351
1177
 433
1595
 875
 870
 935
 569
 724
 441
 857
1143
 670
 974
 737
 856
 893
 501
 861
 611
 982
 376
 633
 455
1480
 806
 645
2204
 691
1243
1766
 734
 349
 503
 850
 456
 996
 429
 404
 843
 967
 398
 743
 990
 861
 472
 987
 877
 406
 462
 595
 460
 641
 498
 764
 617
 593
 593
 518
 380
 423
 600
 653
 237
1078
 653
 381
 312
1092
 447
 432
1043
 500
 561
 283
 673
 861
 248
 907
 523
 646
 429
 858
 582
 437
 900
 462
 502
 378
1855
 519
 581
 712
 603
 334
 309
 954
1043
 222
1031
 437
 654
1168
 613
1066
 430
 721
 401
 636
 266
 434
1338
1040
 832
 864
1822
1125
1436
 538
 569
1178
1063
 757
 968
1224
 700
 827
 756
 324
 587
 845
 798
 386
1024
 554
 458
 979
 658
 693
 508
 378
 308
 569
 482
 443
 764
 712
 294
1156
 678
 508
 340
 795
 621
 343
 523
 427
 805
 668
1717
 601
 409
 622
 478
 481
 521
 509
 914
 251
 816
 514
 535
 425
 581
 395
 292
 864
1491
 406
 467
 799
 643
 563
 911
 388
 745
 641
 829
1656
 322
 723
 485
 686
 545
 769
 650
1029
 997
 486
 696
1030
1270
 360
 379
1007
 240
 300
 242
 658
 520
 221
1823
 727
 558
 797
1401
1451
 478
 591
 371
 889
1043
1833
2144
1065
 746
 395
 385
 262
1631
 395
 338
1542
 330
 359
 481
 568
 642
 369
 985
 531
 436
 561
 759
 579
 504
 540
 735
 379
 492
 674
 389
 439
 690
 292
 313
 675
 570
 531
 245
 899
 424
 331
 495
 555
 576
 260
1788
 433
 294
1077
 599
 729
 844
 542
1446
 317
 751
 739
 496
 546
 992
 525
 681
 442
 611
 934
 213
 925
 541
 391
 805
 513
 950
 564
 992
 605
 330
2334
 511
 353
 840
 651
 427
 458
 658
1038
 432
1062
4362
 755
1826
1347
1580
 841
 383
 566
 395
 579
 275
 721
 655
 645
1171
1139
 860
 311
 827
 423
 507
 941
 630
 372
1364
 422
 400
1052
1014
 723
 495
 304
 485
 484
 297
1096
 546
 608
 377
1091
 489
 452
 688
 451
 555
 862
 780
 497
 503
 648
 773
 454
 720
 641
 703
 262
1005
 693
 362
 332
 763
 514
 533
 887
 468
 597
 432
 662
 536
 524
2159
 431
 404
1123
 492
 399
 456
 860
1318
 453
 587
1178
 453
 487
1354
1152
 795
1050
 708
 836
 257
 667
1330
 429
 477
 736
1096
 541
 746
 986
 509
 275
2368
 541
 269
1223
 378
 565
 423
 858
 557
 449
 788
1019
 647
1591
 652
 591
 535
 641
 582
 443
 574
1057
 497
 455
 734
 544
 485
 782
 657
 695
 378
 854
 733
 341
 344
 783
 439
 269
 806
 413
 430
1025
 670
 356
 460
 552
 496
 492
 287
1207
 577
 439
1513
 582
 569
 362
 486
1063
 294
 861
1538
 371
 278
 615
 547
 612
1107
 410
 612
 400
 851
 489
 315
1166
 473
 517
 671
 639
 651
 269
1228
 532
 674
1005
 746
 548
 672
1018
 984
 415
 984
 599
 552
 650
1263
 819
1315
 893
 545
 493
 742
 504
 843
 667
 639
 719
1327
 250
1035
 829
1329
 667
1230
 580
 283
 922
 535
 351
 280
 610
 581
 462
 971
 539
 376
1064
 720
 543
 324
 877
 471
 372
 617
 660
 293
 330
1046
 533
 475
 993
1279
 789
 334
 805
 428
 322
 267
 503
1012
 397
 320
 528
 350
 439
 582
 471
 408
2838
 590
 569
 482
 994
 461
 662
 895
 499
1013
 491
 574
 647
 261
1668
 616
 830
 594
 837
 931
 354
 843
 920
 795
 749
 754
 657
 826
 529
 703
 761
 698
 533
1323
 387
1845
 801
 417
 425
 554
 472
1025
 626
 456
 370
 323
 678
 566
 583
 629
1050
2699
 370
 579
 431
 220
1527
 470
 418
 776
 483
 510
 345
 635
 938
 655
1160
 949
 819
 583
 766
 478
 348
 949
 751
 304
 487
 685
 492
 522
1000
 728
 536
 456
 875
 735
 344
 822
 650
 525
 621
 773
 779
 531
 873
 906
 525
 281
1034
 330
 536
 413
 818
1394
 285
 708
 772
 357
 428
 527
 568
 603
 679
 383
 382
 746
 962
 450
 377
 693
 390
 380
 351
1098
 477
 467
 761
 416
 618
 480
1357
3051
1345
1055
 606
 671
 339
3162
 430
 671
 885
 537
 576
 455
 587
1278
 735
 913
 684
 651
 962
 606
 539
 522
 619
 642
 665
 321
 724
 502
 252
 883
 423
 620
 736
 616
 509
9418
 316
 465
 340
 367
 439
 363
 362
 745
 678
 588
 466
 636
 597
 250
3347
 616
 567
 681
1983
 467
 289
 868
 380
 326
 946
 308
 482
 213
2995
 495
 350
 915
 731
1170
 219
 886
 639
 906
 325
 677
 750
 263
 670
 580
 419
1314
1133
 451
 240
1024
 515
 868
 386
 634
 546
 523
 959
 474
 313
 615
 590
 371
 502
 685
 515
 472
 699
 749
 598
 325
 854
 437
1503
 493
 570
 543
 376
1720
 646
1251
 437
 757
 846
 802
 758
 649
 401
 585
 847
 471
 414
 688
 709
 602
 335
 651
 423
 540
 594
 468
 381
1165
 511
 595
 261
 604
 495
1208
 653
 475
 355
 417
1088
 847
 430
 349
 758
 607
 387
 858
 494
 700
 341
 713
 363
 238
 875
 390
 387
 774
 778
 997
 226
 980
 459
 834
 311
1491
 629
 648
 796
 500
 370
 486
1314
 553
 680
1107
 878
 546
1197
 479
1037
 340
 870
1736
 678
 487
 553
 753
 657
 637
 465
 631
 661
 602
 443
 884
 614
 550
1384
 588
 605
 549
 578
 983
 813
 840
1054
 739
 666
 608
 500
 469
 651
 281
 555
 473
 343
 962
 527
1401
 255
2050
 410
 441
 869
 313
 352
 227
 682
 510
 352
1284
8811
 258
 695
 558
 609
 259
 857
3375
 365
 586
 645
 647
 342
 916
 532
 510
 324
1212
 386
 392
1174
 312
 424
 978
 850
 515
 231
 710
 513
 397
 565
 663
 459
 412
 659
 514
 691
 680
 678
 772
 242
 516
 593
2085
 877
1380
1815
 590
 747
2094
 679
1066
1698
 749
 412
 599
 555
 369
 795
 979
 611
 614
 789
 692
 779
 985
 889
 508
 235
 940
 908
 533
1003
 863
 573
 448
 693
1320
 411
 436
 845
 445
 313
 653
 556
 573
 384
1699
 434
 267
 925
 443
 403
 855
 635
 532
 470
 784
 578
 395
 781
 559
 571
 241
1180
 590
 396
 449
 553
 593
 376
1378
 446
 394
 491
 649
 449
 406
 579
 563
 433
 490
 774
 355
 437
 753
1485
 567
 254
 717
 455
 629
 890
 954
 323
 689
1444
 868
 253
1291
 407
1963
 407
 613
 498
 443
 907
 420
1216
1102
 442
 609
1035
 778
 421
 999
 733
 686
 499
1527
 698
 418
 515
1423
 577
 690
 203
 784
 688
 472
 326
 649
 692
 286
 862
 494
 454
 512
 656
 661
 422
1105
 535
 438
 757
 536
 572
 235
 725
 738
 328
 534
 831
 375
 277
 748
 518
 512
 703
1508
 373
 574
 553
 466
 613
 627
 561
1301
 236
 833
 674
 581
5817
 393
 561
 648
 945
 342
 797
 986
1007
 611
 283
1523
 403
1296
 491
 535
 894
 467
 878
 550
 396
 538
 657
1146
 653
 685
 594
 450
 318
 371
 549
 448
 939
 740
 542
 676
 753
 523
 563
 956
 536
1038
 916
 625
 500
 701
1126
 622
 381
 872
 944
 524
 726
 516
 454
 796
1124
 545
 615
 481
 728
 451
 329
 868
1050
 608
 311
 951
 489
 458
1019
 579
 466
 750
 640
 339
 380
 624
 763
 435
 387
1246
 389
 413
 400
 441
 946
 351
 892
 603
 339
 576
 662
3577
 418
 732
 423
 541
 898
 523
 693
 290
 973
 590
 336
 685
 642
 750
 302
 774
 415
 451
 812
 499
1058
 415
 714
1502
 818
 400
 756
1419
 805
 837
 695
 930
 309
 786
2177
 399
 991
3167
2148
 765
3187
2619
2029
 531
 542
 482
 451
 815
 571
 878
 664
 472
 706
 472
 961
2350
1219
1564
 547
1385
 923
 543
 553
 415
 615
 532
 335
 600
 575
 629
 327
 614
 448
 560
 887
 859
 437
 415
2551
 658
 505
 745
 664
 431
 381
 754
 814
 382
 280
 861
 557
 270
 801
 801
 354
 397
 678
 508
 277
1346
 662
 516
 518
 772
 814
 334
 895
 360
 482
 442
 688
 526
 308
 608
 492
 417
 464
1555
1065
 545
 835
 537
1042
 555
 902
 824
 606
 646
1235
1470
 342
 740
 949
1249
 536
 686
 854
 796
1059
1353
 305
2846
 712
 502
 998
 810
 548
 289
 846
 822
 529
 762
1599
 385
 271
 408
 570
 525
 889
 431
 426
 376
1046
 675
 485
 376
 780
 582
 276
2294
 508
 685
 868
 621
 634
 461
 605
 726
 526
1066
 946
 488
 299
1001
 548
 503
 391
1678
 590
 338
1370
 489
 788
 510
 632
 545
 290
 842
 610
 467
1131
 722
 586
 430
 656
 513
 356
 506
1167
 660
 249
1321
 423
1059
 819
 598
1179
 757
 958
1029
1545
 977
 562
 563
1439
1616
1173
1318
 727
1186
 352
 349
 930
1815
1645
 991
3580
 485
 493
1098
 769
1130
 566
 626
 535
 269
1073
1114
 535
 753
 859
 466
 327
 901
 472
 710
 618
 351
 628
 336
1405
 428
 475
 478
 906
2901
 274
 935
 582
 451
1171
 508
 491
 358
 945
 500
 351
 341
 868
 480
 327
 707
 453
 463
 461
 374
 767
 326
 775
 370
 376
 522
 425
 302
 399
 489
 588
 504
 973
1316
 574
 787
 929
 447
 594
 699
 918
 534
 499
 783
1658
1195
 760
 615
 571
 703
1125
 378
 735
 907
1503
1937
 607
 732
 706
 606
 435
 765
 750
 409
 926
1338
10349
 304
1484
 789
 624
 928
2149
 896
1041
3277
3028
4447
 747
 402
2222
 443
 565
 414
 424
 725
 609
 740
1215
 455
 881
 631
 713
 495
 324
1381
 630
 570
 425
 791
 772
 595
 613
 682
 455
 248
1247
 586
 431
 707
 780
 459
 510
 798
 378
 378
 363
 602
 556
 397
 942
 602
 461
 611
 714
 530
 449
 847
 469
 687
 731
1760
 507
 464
 624
 469
 351
 631
 680
 501
1231
1995
 472
 534
 717
 605
 907
 878
1022
 886
 473
 457
 642
 687
 283
1450
1342
 484
 819
1370
 629
 473
1103
 539
 484
 891
 939
 997
 370
 852
 734
 437
 405
 587
 664
 690
 847
 419
 738
 636
 775
 716
 341
 790
 552
 496
 904
 597
 497
 783
 661
 370
 286
 808
1598
 514
 247
 465
 505
 395
 490
 719
 581
 382
2412
 609
 340
1033
 617
1693
 463
 750
 605
 421
 821
 583
 578
 232
 855
 595
 592
 384
 697
 768
 484
1252
 337
 312
 313
 349
 909
 302
 600
 484
 470
 750
 532
 590
 815
 895
1049
 725
 874
 477
 548
 509
 789
1347
 910
 863
1374
 931
 732
 968
1434
 551
1413
 459
 445
1668
2024
 953
 330
 712
 658
 509
 355
1279
1473
 739
 450
 502
 622
 527
 640
 349
 340
 533
 619
 613
 289
 789
 536
 468
 814
 729
 711
 403
 836
 572
 308
 596
 901
 593
 277
 682
 463
 484
 790
 269
 831
 421
 770
 513
 390
 464
 926
 452
 709
 337
 570
 581
 385
1620
 426
 363
 758
 384
 355
 273
 624
1093
 236
 701
1807
 406
 582
 699
 414
 511
 745
 597
 657
1121
 855
 501
 492
1534
 487
 979
 541
 820
1293
 682
 601
1871
 722
 609
 766
 646
 381
 589
 572
 598
 394
 776
 332
 677
 688
 940
 634
 366
 641
 381
 509
1069
2011
1699
 465
1205
 601
 708
 791
 457
 328
 291
 845
 354
 209
 513
 579
 622
 370
 911
 561
 313
 938
 422
 407
 561
 944
 597
 508
 390
1176
 335
 723
 613
 690
 296
 828
 382
 441
 304
 832
 402
 479
1431
 712
 556
1104
 538
 580
 288
 622
 519
 424
 858
 668
 515
 444
 479
 542
 735
 609
 347
 471
 329
 571
 425
 884
1214
 497
 843
 385
1063
 609
 520
 968
 558
 512
 476
3197
1027
 764
 282
 454
 346
 514
1306
1496
 929
 941
 589
 506
 363
 655
1612
 743
 624
 522
 478
 655
 619
 489
 310
 354
 925
 571
 442
 640
 488
 441
 257
 626
 502
 413
 757
 632
 473
 478
 519
 525
 324
 518
 591
 274
 699
 518
 418
 221
 489
 383
 544
 329
 827
 389
 420
 908
 304
 351
 313
 832
 881
 218
 600
 562
 476
1121
 510
 434
 516
 644
 420
 401
 382
 891
 540
 211
1049
 613
 475
 426
 630
 781
 564
 730
 388
1074
 414
 634
 507
 406
 821
 414
1300
 699
 651
 345
 415
 668
1182
 794
 353
 702
 515
 501
 531
 746
 662
 470
 614
 506
 606
 516
1302
 366
 562
 605
 520
 461
 673
1503
1003
 787
 795
 401
 301
 767
 438
 457
 431
 669
 586
 253
 911
 588
 459
 681
 363
 447
 409
 514
 564
 327
 677
 755
 510
 233
1039
 412
 411
 396
 539
 449
 426
1052
 363
 281
 444
 677
 310
 487
 561
 399
 432
 676
 750
 500
 503
 733
 483
 473
 871
 931
 854
 270
1180
 533
 401
1002
 584
 651
1199
 775
1728
2967
3373
2991
1686
2848
1682
2202
1838
 301
 596
1109
 615
1620
1298
3021
 544
1206
 371
 386
1061
 624
 431
 464
 580
 483
 662
 572
 367
1167
 414
 599
 363
 434
 967
 676
 449
 466
 566
 490
 484
 437
 434
 379
 297
 582
 642
1528
 643
 412
 341
 342
 410
 580
 290
 414
 354
 253
 291
 824
 658
 261
 698
 549
 532
 332
 862
 393
 328
 519
 400
 356
 307
 468
 419
 323
 578
 596
 282
1226
 420
 456
 384
 717
 478
 424
 306
1266
 373
 198
1280
 503
 425
 422
 564
 866
 448
 669
 654
 677
 325
1274
 717
 984
 699
 483
2842
 406
 559
1760
1737
 638
2892
 438
 359
2189
 383
 462
 809
 380
 459
1196
 923
 644
 382
 699
 509
 950
 671
 559
 411
 320
 794
 585
 512
 744
 484
 546
 262
 703
 501
 438
1278
 732
 545
 293
 833
 542
 426
 285
 508
 530
 536
 438
 357
 310
 771
 911
 568
 548
 995
 417
 508
 370
 555
1634
 219
 815
 789
 382
1404
 560
 345
 675
 674
 481
 556
 452
3108
 525
 304
 942
 588
 657
 642
 948
 740
 741
1099
 364
 521
 854
 379
 323
 535
 934
1337
 681
 273
 814
1033
 277
 772
 817
1258
 390
 970
 380
 404
 759
 424
 564
 885
2039
1597
 312
 774
1103
 511
 383
 478
 398
 448
 437
 700
 288
 487
 526
 340
 369
 683
 372
 663
 787
 693
 447
 312
1279
 459
 382
 502
 798
 931
 364
 512
 679
 381
 320
 490
 582
 289
 635
 525
 344
 451
 663
 400
 226
 522
 430
 349
 298
 588
1187
 338
 694
 766
 326
 718
 863
 463
 295
 595
 474
 363
 790
1413
 578
 241
 685
 701
 462
 907
 631
 538
 302
 734
 443
 339
 464
 510
 731
 628
 635
 536
 456
 568
 503
 497
 242
 824
 784
 606
 879
 572
 852
1894
 786
1240
 533
 624
 933
 393
 414
1067
 813
 392
 761
1292
 500
 245
 695
 342
 413
 311
 801
 668
 460
 522
 361
 479
 869
 598
 489
 348
 768
 460
 306
 626
1103
 553
 322
 650
 533
 301
 812
 667
 698
 376
2274
 398
 345
 275
 665
 448
 320
 958
 784
 378
 377
 807
 543
 315
 810
 535
 422
 923
 801
 639
 637
 933
 571
 765
 255
 634
 856
 344
 776
 746
 690
 680
 749
 539
 377
 669
 713
 454
 822
 647
 512
 492
 912
 425
1311
 389
1406
 939
 435
 792
 661
 702
1262
 527
1305
 390
 857
 407
 779
 700
1098
 497
 520
 859
 530
 396
 335
1693
 589
 833
 832
 568
 798
 881
 908
 801
 825
 638
 747
 504
 356
 561
 584
 571
 694
 691
 397
 318
 740
 439
 515
 750
 628
 633
 438
 543
1876
 466
 963
 437
 482
 583
 801
 439
 421
 748
 624
 542
 578
1005
 450
 415
1222
 411
 697
 488
 716
 486
 318
 942
 659
 560
1142
 537
 624
 407
 633
 391
 456
 416
2454
 409
1016
4281
 487
 400
 946
 515
 812
 629
 761
 519
 335
1030
 518
 910
 809
 560
 357
 519
 695
 743
 500
 224
 849
1405
 935
 565
 733
2280
 383
 650
2153
 711
1128
2969
2286
1725
 629
1023
 511
 652
 913
 423
 450
 668
 630
 452
 315
 522
 530
 319
 481
 692
 387
1147
 854
 495
 460
 518
1024
 320
 631
 541
 407
 311
 625
 490
 314
1001
 776
 443
 284
 777
 378
 313
 362
 598
 545
 221
2110
 424
 373
 529
 722
 303
 463
 709
 556
 326
 358
1536
 406
 899
 508
 502
 490
 518
 733
 637
 931
1193
 734
 424
 725
1006
1687
 496
 777
 489
 801
 443
 567
 627
1145
 699
 455
 906
 834
1602
 395
 972
1097
 455
 633
 925
 727
1447
 347
 671
 905
 548
 267
 587
 379
 276
 816
 351
 387
 666
 661
 424
 558
 830
 428
 345
 636
 549
 624
 617
 733
 575
 328
 664
 571
 379
 336
 447
 385
 380
 376
1341
 553
 201
 957
 419
 328
 271
 678
 407
 286
 850
 464
 415
1055
 688
 546
 333
 678
1166
 320
 761
 548
 394
 678
 551
 490
 634
 367
 640
 671
 261
 759
 372
 354
 860
1152
 592
 302
1294
 337
 746
 324
 686
 717
 565
 412
 985
 644
 894
 855
 498
 572
1217
 503
2081
 874
1310
1084
 732
 610
 386
 574
 399
1542
 392
 311
 789
 558
 595
 646
 643
 543
 213
1112
 505
 367
1044
 531
 668
 515
 856
 511
 457
 673
 923
 693
 691
 798
 443
 388
 334
1092
 470
 296
 700
 536
 402
 382
 678
 979
 326
 557
 458
 337
 520
 772
 392
 263
 885
6493
 649
 669
 747
 613
 343
1331
 446
 553
 722
 688
 437
 488
 870
 759
 465
 766
 463
 416
 490
 722
 473
1507
 598
1256
 638
 335
 682
1183
 513
 959
 508
 539
 456
 859
 863
1541
 622
 558
 480
 985
 535
 517
 682
 649
 592
1295
 463
 893
 540
 365
 472
 859
 355
 367
 817
 549
 372
 456
 537
 831
 506
 704
 444
 356
 415
 583
 331
 244
 773
 443
 822
 320
1118
 503
 429
 752
 423
 312
 752
 551
 378
 217
 805
 641
 473
 399
 569
 590
 440
 414
 356
 252
 316
1664
 499
 911
 743
 471
 539
 912
 546
 519
 377
 872
 386
 366
 558
 439
 380
 454
 761
1328
 569
 371
 803
 469
 333
 631
 482
 574
 943
 735
 615
 647
 855
 478
1217
 602
 486
 643
 596
 742
1575
 508
 667
 726
 553
 334
 707
 404
 398
 698
 877
 979
 432
2925
2044
 609
 892
 589
 653
 517
 804
 486
 654
 733
 564
 793
 273
 617
 385
 340
 410
 745
 561
 300
 502
 366
 799
 634
 729
 670
 269
1185
 503
 294
 707
 570
 635
 236
 983
 555
 340
 989
 360
 345
 402
 501
 390
 437
 749
 811
 415
 518
 586
 632
 553
 993
 664
 455
 240
1116
 429
 437
 391
 456
 467
 412
 503
 472
 454
 839
 571
 404
 876
 890
1331
4647
 535
 777
 353
1550
 605
 932
 740
 390
1393
1499
 759
 754
 391
 355
 669
 673
 475
 558
 812
 911
 531
 701
 610
 694
1035
 816
 632
 396
1542
 699
 921
 410
 993
 842
1258
 399
 394
 547
 408
 666
 444
 454
 253
 617
 399
 237
 996
 451
 831
 319
1186
 489
 345
 629
 412
 322
 395
 592
 410
 311
 628
 437
 415
 926
 476
 566
 334
 646
1323
 357
 283
1255
 488
 422
 704
 413
 416
 906
 547
 586
 367
1066
 522
 379
1343
 923
 393
 235
 997
 482
 635
 938
1028
 365
 922
 678
 669
 412
 318
 948
1191
 324
 709
 566
 353
 447
 521
1067
 855
1034
 768
 822
 874
1684
 522
 519
1356
 943
 488
 232
1261
 607
 501
1018
2387
2104
1324
 431
 395
 480
 656
 398
 422
 335
 590
 485
 255
 527
 664
 447
 369
 585
 684
 354
 948
 536
 557
 644
1239
 466
 584
 592
 384
 343
 315
 732
 413
 216
1008
 459
 360
 247
 621
1684
 622
 718
 367
 361
 328
 738
 437
 645
 502
 654
 432
 281
1271
 441
 567
 687
 401
 691
 864
 716
 454
 221
 867
 409
 441
 390
 510
 656
 423
 719
 781
 961
 481
 563
 921
 363
 508
 399
 850
 805
 971
 524
 513
 824
 517
 518
 910
 667
 343
 327
 881
 615
 486
 702
 272
 648
 755
 822
 617
 562
 637
 854
 450
 266
4281
 732
 513
 364
 568
 553
 321
 765
 558
 536
 306
 918
 632
 304
 943
 612
 769
 352
 626
 555
 407
 510
 421
 352
 767
 667
 511
 328
 276
 951
 426
 667
 944
 423
 413
 774
 440
 302
 459
 747
 393
 222
 982
 468
4462
 729
 550
 558
 313
 725
 729
 341
 286
 659
 572
 495
 625
 469
 721
 887
 595
 554
 944
1079
 599
 768
 830
 690
 641
 447
 765
 660
 607
 255
 709
 664
 615
 442
 487
 429
 708
1011
 317
 495
 931
 472
 538
1004
2300
1585
 369
1117
 592
 630
 288
 836
 669
 587
 535
 658
 693
 784
2271
 451
 384
 892
 517
 308
 709
 792
 687
 560
 739
 698
 417
 442
 566
 407
 250
 229
 353
 508
 268
1024
 489
 255
1137
 473
 382
 386
 562
 924
 409
 992
 327
 315
1067
 554
 390
1251
1013
 580
 614
 907
1002
 361
 715
 451
 470
 440
 716
 718
1432
 280
1036
 468
 474
1243
 520
 451
 683
 735
 679
 776
 461
1050
 520
 257
1299
 727
 897
 685
1208
 862
 743
 897
 581
1192
 595
 570
 482
 935
 594
1767
 356
 749
 518
 484
 273
 812
 584
 452
 593
 489
 393
 320
1057
 716
 394
 308
 488
 525
 496
 747
 461
 286
 267
 975
 500
 602
1228
 679
 493
 684
1841
 521
 324
 699
 455
 415
 483
 709
1260
 257
3072
 576
 533
1056
 694
 774
 435
 441
 465
 327
 266
 674
 662
 214
 632
 506
 442
 579
1151
 450
 372
1308
 519
 448
 263
 801
1556
 224
 908
 616
 365
 472
 688
 506
 470
1226
 395
 630
 337
 573
 477
 669
 960
 868
 825
 847
 986
 634
 848
 605
 670
 824
 762
 554
 787
 373
 556
 562
 409
 750
1133
 728
 498
 921
 423
 291
 359
 528
 561
 344
 819
 914
 389
 919
 498
 489
 329
 619
 613
 701
 230
 778
 414
 306
2205
 605
 541
 253
 576
 529
 233
 966
 464
 465
 527
 584
 413
 296
 654
 489
 621
 327
2377
 576
 360
 655
 411
 456
 352
 681
 565
 674
 659
 399
 459
 836
 397
 505
 403
 734
 384
 588
 443
 571
 435
 262
2966
 559
 368
 381
 388
1481
 586
 666
 469
 696
1011
 675
 352
 458
 753
 812
 932
 341
1984
 319
3144
1985
 457
 513
 304
 571
 316
 368
 746
 861
 793
 761
3113
3363
3282
 471
 340
 304
 673
 576
 418
 536
 790
 608
 453
 880
 763
 536
 336
 691
 511
 301
 625
 608
 391
 202
 761
 538
 452
 290
 497
 434
 276
 899
 513
 353
 412
 749
 457
 215
 801
 427
 481
 569
 537
1444
 261
 454
 315
 385
 475
 572
 752
 802
 911
 576
 342
 343
1308
 381
 606
 577
 520
 541
 950
1372
 324
 428
1068
 545
 456
 278
 539
 857
 620
 905
 376
 302
 221
 725
1750
 571
 860
 399
 442
 719
 584
2189
1807
1630
 626
 516
 400
 713
 514
 409
 557
 670
1046
 688
3500
2869
 250
 412
 338
 323
 420
 927
 352
 305
 535
 572
 456
 764
 665
 519
 301
 846
 480
 556
 752
 449
 600
 241
 779
 480
 448
 692
 724
 558
 328
 718
 401
 361
 476
 700
 416
 582
1593
 642
 416
1115
 578
 538
 367
 873
 968
 314
 274
 630
 579
 220
1074
 619
1220
 825
 706
 627
 234
1164
 530
 338
 387
 604
 858
 624
 737
 697
 646
 684
 614
1177
1322
 596
 310
1093
 453
2267
 564
 804
 973
1204
 795
 309
 639
 802
 519
 449
2028
 650
 750
1856
1179
 238
 882
 793
 992
 336
 644
 650
 228
1148
 593
 507
 314
 522
 679
 395
 550
 498
 336
1176
 476
 487
 536
 934
 756
 401
 264
 693
 464
 574
 753
 484
 426
 756
1058
 474
 407
 596
 369
 309
 759
 369
 522
 533
 425
1738
 527
 518
 553
 475
 474
 882
 510
 408
 598
1024
 436
 711
1193
 464
 489
 789
 537
 765
 298
1106
 841
 460
 869
 783
 568
 388
 772
 635
 795
 325
 360
 442
1341
1086
 422
 336
 630
 712
 624
 534
 829
 787
 415
 647
 420
 489
 561
 708
 598
 448
 404
 707
 513
 485
 635
 685
 849
1002
 463
 584
 509
 654
 489
 379
 320
 647
 376
 378
 497
 389
 271
 338
1206
 505
 294
 654
 399
 372
 460
 756
 579
 302
 614
 416
 465
 950
 506
 778
 404
 621
1235
 361
 508
 590
 425
 312
 744
 408
 540
1149
 971
3433
 280
1363
 469
 743
 265
 726
 491
 481
 755
 581
 395
 682
 434
 566
 717
1064
 877
 655
1898
 686
 986
1272
 849
 667
 745
 805
 604
 564
 542
 777
 451
 803
 467
1263
 585
 652
 730
 449
 412
 968
 893
3541
 457
 764
 499
 408
 424
 944
 632
 512
 723
 793
 548
 295
 798
 475
1017
1755
 542
 378
 775
 586
 452
 209
 395
 423
 430
 376
 939
 788
 598
 812
1153
 549
 666
 538
 491
 332
 951
 568
 354
1115
 543
 424
 274
 686
 374
 348
 406
 681
 408
 359
 592
 434
 542
 503
 510
 543
 324
 796
 397
 301
 358
1054
 563
 501
 853
 824
 503
 326
1033
 709
 347
 542
 359
 500
 432
 505
 779
 227
 800
 425
 342
 811
 681
 404
1219
 460
1465
 756
 809
 663
 688
 363
 705
 640
1045
 882
1298
 606
 599
 747
 566
 317
 517
 592
 541
 418
 464
 848
 311
 371
 934
 507
 405
 558
 447
 378
 396
 812
 617
 228
 855
 735
 537
 991
 624
 802
 238
 821
 470
 379
 393
 612
 443
 527
 831
 644
 464
 688
 710
 556
 286
 876
 488
 308
 409
 632
 318
 212
1336
 585
 430
 932
 496
 603
 213
 904
1030
 625
 494
 672
 574
 222
 797
 543
 697
 443
 909
 488
 437
 875
 437
1057
 431
 582
 464
 559
 633
 638
2277
 354
 540
 611
1609
 557
1090
 587
 259
 667
 586
 371
1054
 958
 719
 407
 754
 935
 640
 778
 820
 586
 427
 539
1024
 523
 512
 453
 842
 325
 660
 567
 397
 719
 368
 403
 773
 508
 556
 320
 869
1551
 528
 807
 553
 490
 258
1068
 529
 360
 271
 676
 357
 240
 532
 386
 499
 593
 529
 461
 301
2753
 464
 369
 750
 568
 565
 261
 708
 578
 637
 428
 494
 431
 311
 578
 829
 433
 537
 753
 458
 307
 760
 385
 753
 679
 705
 454
 315
1503
 577
 718
 783
 626
1193
 411
 701
 695
 635
 263
 559
 309
1181
 568
 591
 584
 477
 639
 427
 394
 608
1742
1432
 370
 743
 484
 741
 716
 687
 526
 334
1599
 530
 579
 756
 510
1108
 763
 903
 444
 253
 806
 298
 334
 864
 638
 527
 280
 747
 875
 610
 626
 609
 514
 513
 547
 418
 504
 698
 411
 596
 427
1055
 437
 361
 517
 516
 664
 479
 719
 561
 512
 905
 645
 496
 449
 606
 594
 583
 312
1023
 660
 396
 600
 351
 421
 630
 792
 425
 358
1419
 495
 508
1088
 381
 549
 652
 492
1343
1258
 717
 601
 539
 972
 825
 410
 445
 303
1479
 530
 505
 994
 395
 517
 536
 552
 441
 801
 561
1749
 438
 332
 936
 596
1944
 639
 570
 657
 406
 706
 400
 496
 809
 520
 588
 637
 658
 908
 230
 783
 462
 329
 437
 635
 633
 309
 721
 514
 473
 379
 873
 702
 436
 837
 509
 385
 406
 832
1706
 378
 589
1312
 537
 763
 647
 437
 465
 695
 605
 415
 376
 923
 426
 245
 394
 422
 680
 896
 518
 878
 427
1031
 472
 440
1021
 604
 343
 432
 569
1061
 631
 615
 809
 318
 404
 558
 919
 674
 384
 528
 801
 729
 678
 681
1356
 920
 335
 568
1322
 592
 362
 398
 469
1306
 720
 470
 641
 847
 793
 838
1882
1204
 364
 850
 510
 374
 640
 748
 844
 492
 810
 571
 479
 550
 732
 671
 404
 574
 532
 554
 418
2071
 667
 350
 734
 659
 492
 477
 429
 635
 494
 693
 447
 373
 383
 641
 542
 251
 471
 564
 383
 640
 412
 443
 488
1221
 503
 568
 840
 694
 749
 352
 781
 629
 392
 412
 496
 839
1200
 674
 303
 674
 749
 852
1163
 692
 599
 413
1501
 379
 535
 679
 428
 500
 421
 326
 586
1786
 649
 746
1063
 984
 851
 909
 562
 622
 353
1012
 741
 696
 321
 977
1108
 512
1223
 537
 494
 843
 334
 991
 570
 728
 577
 711
 344
1270
 382
 364
 885
 713
 767
 925
1660
 619
 293
 831
 350
 337
 444
 977
 524
 297
1227
 554
 424
 726
 592
 540
 252
 774
 443
 327
 315
 563
 538
 282
 639
 584
 573
 350
1049
 528
 238
 438
 587
 636
 515
 753
 910
 200
 688
 393
 607
1002
 507
 494
 320
 488
 348
 305
 655
1541
 461
 243
 567
 348
 554
 405
 567
 657
 484
 809
2116
1039
 881
 564
 837
 430
 602
 542
1069
 681
 733
 609
 431
 710
1113
 795
 967
 635
 520
 635
1074
 406
2472
 321
 426
 423
 733
 521
 934
 340
 399
 863
 462
 607
 915
 610
 320
 346
 877
 439
 286
 817
 354
 675
 873
 730
 495
 666
 780
 608
 391
 343
 500
 445
 292
 458
 558
 393
 760
 550
 599
 285
1268
 464
 448
 771
 408
 563
 336
 696
 374
 271
 276
 674
 466
 482
 611
 514
 964
 352
 960
 429
 455
1055
 384
 605
 517
 610
1013
 698
 949
 572
 442
 349
 480
 478
1051
 644
 411
1340
 314
 494
 504
 659
1022
1171
1038
9026
 333
2456
 744
 771
 939
 468
 885
 492
1135
 372
 594
 465
 366
 969
 570
 518
 338
 772
1290
1002
 304
 474
 497
1013
 569
 675
 622
 921
 796
 440
 301
 714
 724
 386
 530
 894
 575
 315
 311
 752
 399
 434
1009
 548
 402
 783
 454
 344
 640
 477
1811
 244
 886
 823
 591
 734
 547
 524
 458
 646
 412
 434
 283
2403
 452
 426
 535
 439
1183
 936
 650
 565
 374
 874
 494
 318
 497
 951
 453
 324
 672
 622
 496
 960
 835
 383
 336
1186
 426
 665
 497
1044
1059
1000
 959
 776
 895
 879
 562
 483
 783
 600
 723
 686
 314
1241
1071
 617
1325
 535
 372
 347
1012
 943
 481
 965
 493
 633
1226
 648
 346
 522
 639
 524
 479
 671
 502
 559
 318
 876
 622
 480
 517
 445
 474
 349
 730
 714
 426
 297
 576
 478
 461
 468
 631
 446
 348
 726
 568
 510
 477
 521
 332
 889
 628
 555
 264
 955
 451
 383
 737
 734
 562
 360
1150
 484
 566
 820
 730
 485
 493
 649
 457
 447
 417
 673
1411
 253
1317
 508
 461
 698
 428
1110
 538
 706
1051
 564
 361
 600
 556
 461
 734
2275
 459
 640
3228
 615
 504
 893
 505
 630
 824
 533
 507
 655
 624
 595
 405
 720
 497
 744
 318
 609
 328
 415
 585
 978
 450
 437
 371
 642
 562
 285
 621
 509
 315
 916
 491
 373
 347
 509
 460
 606
 512
 406
 626
 879
 638
 525
 313
 565
 484
 400
 751
 773
 393
 257
1646
 438
 388
 312
 782
 585
 281
1227
 487
 292
 381
 715
 711
 796
 710
 542
 470
 349
 873
 556
 239
 841
 511
 434
 960
 864
 552
 628
 852
 553
 684
 302
 795
 595
 375
 796
 928
1831
 771
 496
 409
 468
 603
 492
 908
 327
1362
 547
 629
 710
1109
 311
 460
 542
 686
 401
 644
 536
 450
 859
 743
1866
1315
 645
 361
 398
 336
 751
 345
 421
 475
 428
 411
 380
 744
 922
 401
1889
 473
 328
 688
 750
 506
 484
 753
 464
 364
 473
 540
 573
 304
 668
 377
 374
 664
1709
 374
 586
 593
 379
 428
 632
 488
 417
 276
 714
 425
 265
 374
 486
 406
 402
1154
 397
 386
 677
1018
 377
 448
 862
 402
 894
 329
 813
 579
 262
1139
 583
 441
 401
1437
1078
 566
 718
1367
 314
 635
1992
 862
 383
 811
 404
 423
 636
2042
 554
 394
 919
1033
 639
 324
 531
 455
 356
 708
3757
 400
 484
 624
 430
 857
 549
 502
 402
 448
 753
 415
 418
 427
 435
 624
 822
 740
 587
 478
 956
 456
 339
 972
 498
 535
 260
 789
 416
 498
 613
 908
 405
 462
 668
 468
 424
 338
 884
 216
 393
 799
 546
 450
 984
 577
 958
 418
 952
 377
 557
1036
 841
 659
 513
 666
 761
 693
 772
 624
 478
 608
 800
 339
 373
 470
2391
 387
1371
2383
 316
 568
 439
1066
1510
 508
1130
 402
1858
 899
 732
 413
 467
 589
 652
 441
 863
1534
 496
 569
 664
 887
1049
 504
 762
 432
 571
 549
 998
 697
 799
1443
 575
2047
 433
 338
 317
 775
 398
 359
 432
 818
 589
 703
 396
 588
 728
 516
 627
 451
 292
 521
 689
 439
 411
 898
 620
 441
 492
 443
 379
 340
 679
 658
 520
 495
 746
 427
 314
1715
 761
 400
 840
 657
2756
 465
 664
 592
 357
3604
 548
 519
 280
 916
 532
 563
 833
1441
 468
 228
1084
 420
 818
1554
1091
 405
 551
1257
 553
 620
1431
 548
 782
 604
 719
 465
 407
 306
1498
 857
 941
 903
 660
 495
 899
1522
1089
1438
2775
 377
 348
 738
 606
 400
 397
 678
1162
 401
 603
 549
 654
 283
 874
 578
 522
 308
 959
 400
 223
1118
 648
 505
 335
 499
 452
 394
 660
 407
 367
 369
 852
 346
 252
 672
 391
 520
 820
 515
 600
 298
 795
 426
 377
 549
 699
 318
 354
 652
 404
 331
 355
1250
 467
 355
 860
 552
 295
 554
 769
1074
 226
 755
 479
 336
 866
 668
 361
 468
 962
1180
 832
 345
1078
1125
 275
 776
 407
 758
 342
 926
 718
 500
 709
 386
 441
 523
 651
 435
2122
 587
 508
 574
 742
 591
 534
 361
1204
 688
 523
 329
 990
1341
 440
1193
 413
1370
 674
 667
 670
 302
 553
 560
 301
 776
 812
 278
 276
1000
 734
 641
 663
 906
 395
 348
 698
 356
 301
 313
 680
 912
 199
1194
 482
 376
 644
 691
 584
 568
 545
 935
 391
 299
 866
 544
 328
 871
 416
 448
 374
 763
 762
 308
 891
 526
 398
 450
 628
 929
 620
 734
1289
 443
1089
 427
 334
 447
 633
 417
 570
 402
1349
 477
 778
1002
 837
 562
 768
 513
2976
1247
 797
1507
 894
 481
 707
1921
 996
 540
2328
 417
 647
2580
 524
 265
 671
 368
1847
 750
 701
1719
 725
1257
1099
2061
 297
 545
 775
 590
 445
 477
 297
 340
 755
 517
 225
 947
 650
 717
 771
 900
 398
 360
 836
 382
 344
 339
 607
 446
 277
1227
 479
 354
 300
 737
 477
 395
 584
 590
 511
 352
 757
 556
 575
 453
 441
 517
 780
 669
3416
 456
1018
 438
 349
 750
 786
 371
 446
1020
 627
 340
 268
1337
 410
 243
 897
 403
 446
 695
1458
 804
 680
1834
 521
 379
 841
 401
 478
 527
 460
 427
 472
 781
 444
 523
 881
 718
 685
1264
 711
 480
 562
 418
 647
1653
 572
1175
 757
 519
 530
 813
 624
 421
 879
 895
 535
 291
 890
 524
 428
 409
 579
 608
 326
1990
 537
 478
 863
 720
 437
 317
 603
 550
 465
 797
 806
 243
 219
 718
 446
 569
1029
1465
 619
 372
1386
 428
 552
1027
 470
 353
 340
1011
 580
 414
 555
 830
 457
 271
 610
 589
 375
 407
1814
 371
 388
 763
 502
 403
 694
 756
 591
 375
 838
 485
 553
 833
 572
 503
 279
 993
1074
 518
 890
 580
 682
 494
 711
 657
 380
 955
1040
 601
 444
 954
 384
 408
 825
 519
 537
 309
 864
 757
 609
 603
 635
 325
 678
 798
 676
 585
 932
 623
 543
 352
 669
 547
 283
 980
 956
 486
 245
 771
 552
 345
 624
 517
 453
 453
 542
 525
 318
 764
 722
 364
 211
 633
 387
 557
 735
 580
 631
 392
2075
 472
 420
 749
 711
 478
 508
 653
 996
 362
 983
 892
 493
 289
 872
 348
 324
 863
 651
1432
 359
1256
 747
1128
1054
 640
1085
 611
 603
 817
 437
 621
 562
 489
 453
 579
1058
 639
1382
 757
 490
 200
 963
 327
 829
 363
1032
 844
 410
1272
 535
 407
 471
 549
 599
 299
 707
 732
 583
 656
 904
 424
 533
 666
 512
 688
 904
 468
 491
 342
 891
 491
 500
 586
 921
 603
 303
 412
 522
 521
 776
 583
 504
 288
 675
 452
 378
 484
 885
 525
 241
1250
 399
 482
 236
 688
 601
 244
 801
 571
 489
 835
 431
 445
 418
1071
 693
 415
 257
1384
 671
 692
1109
 267
 408
 381
 624
 790
 425
 853
 717
 552
 397
 749
 546
 664
 901
 544
1188
 563
 919
 548
 267
 650
 950
 959
 837
1075
 801
 444
 932
 594
 567
 728
 614
 511
 494
 573
2994
2485
3957
 562
 494
 431
3269
3473
 488
 391
 784
 546
 252
 557
 483
 550
 318
1045
 525
 411
 769
 455
 431
 480
 800
 675
 306
 624
 528
 362
 723
 544
 536
 335
 871
 574
 435
 767
 770
 592
 558
1215
 690
 383
 895
 534
1138
 286
 780
 487
 620
 568
 676
 543
 356
1163
 615
 585
 674
 783
 443
 405
 744
 517
 561
 642
 806
 558
 262
1472
 524
 432
 611
 493
1145
 619
 746
1025
1401
 845
 763
 998
1530
 651
 372
 687
 323
 763
1203
 621
 933
1046
 686
 683
 713
 343
 457
 801
 673
 404
 291
 556
 854
 621
 812
 808
 486
 452
 933
 651
 260
 556
 697
 389
 949
 640
 442
 565
 685
 552
 423
 756
 998
 881
 280
 818
 410
 550
 890
 487
 449
 490
 481
 403
 362
 709
 606
 727
 556
 690
 508
 460
 961
 584
 257
 284
1067
3220
 300
 301
 727
 540
 208
 925
 519
 621
 575
 827
 653
 293
 839
 551
 748
 527
1325
 853
 336
1192
1961
 691
1128
 810
 786
 449
1874
1024
1316
 339
 802
1066
 333
1443
1378
 800
 874
 305
 549
 252
 952
 555
 506
 785
 600
 475
 441
 773
1303
 335
 890
1031
 580
 260
 809
 413
 589
 869
 656
 613
 278
 798
 715
 751
 700
 865
 729
 282
 712
 638
 366
 939
 560
 422
 478
 684
 560
 562
 291
 842
 415
 511
 748
 499
 400
 329
 840
 827
 502
 433
 683
 428
 587
 911
 681
 662
 839
 511
 538
1032
 802
 518
 574
 912
 429
 786
 842
 752
 694
 450
 527
 556
 428
 538
1774
1100
 893
 705
 689
 672
 708
 889
 460
 636
 546
 419
 776
 722
 796
 797
 516
 728
 571
 447
 941
2343
 592
 284
1019
 722
4276
 502
 658
 430
 533
 945
 566
 441
 560
 591
 536
 767
 828
 620
 413
 837
2592
 431
 291
 662
 430
 487
 467
1001
 641
 445
 988
 590
 326
 770
 717
 469
 370
 737
 590
 534
 690
 428
 556
 452
 627
 607
 352
 779
 879
 505
 331
 606
 538
 495
 975
 722
1779
 256
1015
 541
 535
 744
 573
 430
 569
1393
 510
 559
 410
1159
 390
 401
1040
 701
 394
 611
 501
 482
 276
 980
 396
 486
 581
 499
8182
 655
1776
 980
 407
 310
 751
1249
1208
 918
 447
 841
 431
1277
 538
 453
1034
 425
2364
 800
 607
 497
 619
 752
 556
 440
 428
 966
 726
 373
 749
 671
 468
 684
 857
 479
 401
 348
 690
 442
 858
 671
 541
 449
 892
 404
 319
 300
 748
 543
 275
 543
 445
 391
 960
1249
 518
 595
 715
 423
 400
 323
 657
 985
 247
2255
 669
 453
1009
 585
 602
 440
 739
1332
 394
 299
 981
 638
 260
 888
 775
 686
 813
 734
 654
 369
1337
 534
2094
 267
1400
 924
 280
 923
 630
 714
 359
 472
1256
 681
1114
2289
 849
 333
 703
 460
 580
1574
 433
 522
 814
2000
1450
 401
1171
1936
 977
1207
 495
 550
 534
 803
 497
 518
 440
 864
 563
 523
 799
 525
 649
 450
 595
 474
 205
 666
 633
 548
 811
 810
 833
 342
 565
 502
 414
 737
1151
 486
 253
 890
 512
 612
 370
 692
2095
 625
 556
 754
 389
1195
 593
 614
 465
 762
 458
 433
 945
1135
 487
 389
 969
 666
 313
 457
 823
 687
 490
 803
 506
 682
 731
 435
 417
 524
1477
 657
 379
 999
1027
1014
 651
 753
1005
 860
 908
 651
 695
 315
2261
 479
 689
1198
 647
 605
 570
 938
1201
 543
 341
1231
 595
 385
 688
 488
 686
 849
1355
 950
 379
1386
8969
 632
 420
 720
 852
 282
 811
 491
 404
 720
 546
 419
 216
1067
 547
 525
 360
2196
 468
 242
 828
 555
 525
 317
 604
 613
 247
 974
 599
 412
 471
 616
 479
 550
 723
1574
 433
 340
1237
 670
 285
 907
 681
 770
 978
 690
 495
 387
 987
 598
 330
 729
 814
 498
 433
 861
 703
 920
 385
 732
 643
 677
 647
 461
 499
1065
1449
 386
 404
2102
 583
 881
 404
 701
1330
1068
 727
 944
 955
 294
2419
1329
 933
 600
 537
 587
 760
 956
 565
 491
1070
 389
 383
 392
1403
 981
 591
 784
 703
 455
1460
 713
 749
 493
 746
 639
 367
 470
 756
 653
 435
1022
 580
 572
 394
 685
 454
 325
1662
 352
 471
 529
 632
1625
 356
 688
 639
 337
 471
 545
 488
 397
 730
1608
 514
1039
2104
 528
 290
 980
 397
2101
 340
 734
 386
 292
2431
 483
 463
 604
 692
 434
 426
 770
 533
 662
 966
 638
 628
 553
 805
 343
1417
 688
 607
 576
 364
1182
1724
1764
 895
 535
 470
 702
 682
1052
 655
 348
 774
 965
 404
 478
 530
 403
 470
1185
 543
 253
 829
 341
 449
 335
 947
 478
 627
1061
 812
 570
 507
 579
 405
 249
 878
 522
 265
 474
1001
 490
 377
 803
 583
 618
 355
 718
 474
 568
1246
 390
 232
 390
 638
 458
 259
 794
 364
 498
 296
 860
 535
 312
1045
 601
 394
 289
 987
 621
 303
2154
 577
 586
 967
 687
1821
 242
 676
 539
 589
 839
 772
 433
 239
 848
 515
 542
 930
1069
 481
 599
1706
 572
 330
 368
1403
1395
 622
1429
 545
 669
1067
 875
 750
 543
 570
 415
1854
 619
1689
1021
 610
 550
 529
 455
 866
2741
 398
 814
 644
 552
 640
1323
 519
 502
 826
 758
 507
 481
1194
 643
 700
 380
 793
 465
 372
 409
1089
 411
 619
 772
 642
 446
 388
 559
 792
 233
 855
 521
 361
 604
 635
 620
 297
 478
1110
 544
 399
 766
 511
 558
 826
 509
 560
 421
 747
 466
 503
 583
 634
 421
 800
 601
 889
 388
 890
 523
 391
 576
 687
 662
 637
 778
 683
 539
 567
 982
 523
 394
 579
 425
1518
 681
1221
1835
 646
 742
1117
 696
 760
 524
1354
1001
 516
 556
1009
1067
 612
 504
 501
1343
 398
 553
 521
 804
 557
 458
 658
 486
 352
 328
 788
 317
 626
 790
 953
 430
 688
 603
 553
 480
 663
 435
 540
 419
 797
1531
 393
 847
 510
 728
1038
 596
 626
 433
 443
 500
 419
 511
 585
 412
 300
 835
 749
 710
 306
 798
 475
 308
1365
 599
 401
 372
 568
 382
 258
 693
 529
 453
 577
 486
 494
 379
 744
 309
 446
1019
1509
 580
 629
1043
 474
1865
 618
 646
1084
 368
1243
 752
 458
1105
 452
2066
 703
1238
1518
 443
 931
1248
 795
 534
 564
 531
 470
 611
 423
1495
1139
 525
 616
 313
 446
 760
 678
1290
 783
 958
 500
 448
 784
 604
 349
 960
 639
 615
1118
 663
 522
 269
1481
 547
 490
 630
 804
1292
 264
1211
 979
 409
 419
 863
 597
 547
 786
 418
 327
 517
 869
 330
 240
2667
 483
 486
 762
 698
2946
 552
 549
 515
 358
 327
 701
 412
 309
 960
 518
 567
 494
1210
 710
 235
1268
 568
 369
 423
 663
1111
 642
 934
2133
 437
1197
 572
 601
 714
 530
 695
1111
 367
 646
 586
1640
 566
 494
1456
 899
1509
 392
 492
 887
 497
 528
 725
 607
 537
 782
 894
 637
 496
 402
 962
 474
 228
 799
 535
 696
 317
 684
 671
 271
1269
 588
 420
 729
 667
 620
 396
1062
 501
 553
 315
 933
 448
 283
 808
 451
 423
 517
 792
 654
 509
 876
 879
 321
1280
 652
 593
 244
1000
 516
 725
 741
1742
 668
 359
1109
 469
 574
 745
 749
 604
 482
1273
 518
 462
 433
 627
 506
 458
 607
 970
 482
 573
 664
 414
 295
 995
 859
 928
 361
 437
 586
 380
 723
 590
 707
 870
 551
 577
 519
 751
1841
1370
 523
 748
 557
 768
 881
1061
 366
 385
 933
 721
 242
 880
 548
 999
 312
1025
 460
1589
3748
1330
 396
 552
 826
 655
 274
 755
 504
 382
 900
 543
 674
 611
 835
 661
 499
 294
3362
 344
 205
3063
 377
 438
 694
 557
 403
 501
 527
 511
 424
 614
 641
 422
 265
 483
 989
 568
 879
1057
 598
 729
 618
 632
 335
1025
 668
 585
 277
 858
 500
 602
 817
 745
 598
 336
 768
 597
 283
 314
1036
 771
 280
 533
 398
1014
 766
 780
 590
 738
 968
 493
 404
 569
 701
 681
1021
 596
 541
 612
 542
 538
 810
 484
 829
 761
 574
 385
 817
 401
 314
 723
 563
 320
 338
 412
1063
 791
 783
 545
 361
1144
 837
 466
 266
 724
 504
 589
 442
 785
 492
 838
 591
 486
 430
 802
 583
 771
 256
 975
 503
 419
1013
 612
 407
 572
 566
 493
 357
 341
 846
 423
 481
 737
 545
 605
 884
 550
 779
 241
1022
 559
 348
 623
 570
 401
 319
 904
 608
 390
 583
1197
 682
 290
 623
 417
 401
 391
 832
 447
 493
1262
 594
 577
 405
 840
1614
1034
 873
1443
 626
 261
 678
 688
 408
 604
 487
 303
1114
 920
 418
 299
 925
 331
 448
 838
 694
 750
 386
 969
 867
 462
 448
 735
 637
 395
 914
 476
 323
 333
1322
 355
2155
 618
 470
 503
 559
 597
 525
 503
 757
1278
 455
 781
 534
 547
 399
 724
 638
 415
 728
1976
 567
 312
1217
 497
 338
 289
 796
 967
 295
 845
 580
 420
 858
 841
 771
 378
1040
 336
 368
 471
 714
 499
 618
 962
 563
 408
 423
1114
 493
 286
 818
 524
 431
 328
 607
 662
 512
1280
 442
 591
 975
 712
1629
 328
 806
 445
1251
 615
1166
1417
 854
 839
1730
 499
 772
 679
 441
 368
 815
 364
 908
 802
 562
 569
 416
 629
1201
 475
1352
 675
 490
 320
 953
 531
 442
 752
 865
 462
 250
 928
 406
 686
 273
 778
 624
 218
1295
 460
 404
1098
 622
 788
 276
 687
1077
 440
 771
 599
 587
 639
 756
 463
 439
 465
 719
 502
 352
2018
 608
 576
 416
 487
 423
 541
 677
 903
 472
 437
 907
 425
 777
 916
 538
1224
 853
1346
 492
 546
 772
 539
 441
 723
 843
 837
 304
 849
 426
 564
1488
1984
1666
 726
 904
 418
 278
 733
 997
1589
1322
 724
 506
 842
 768
 642
 391
 871
 910
 517
 412
 353
1346
 593
 427
1038
1417
 447
1102
 485
 492
 621
 732
 576
 352
 496
 884
 513
 248
1110
 519
 431
 313
 559
 562
 440
 617
 626
 382
 435
 744
 536
 719
 567
 784
 500
 741
 963
 538
 392
 956
 515
2400
 293
 963
 563
 214
 788
 378
 628
1008
 484
 598
 469
1015
 816
 323
 519
1205
 444
 596
1132
 710
 740
 443
1330
 843
 320
1244
 635
 515
 445
1241
1193
 281
 907
 575
 725
1040
 375
 810
 616
1042
 428
1257
 762
2515
 539
 262
2670
 935
2766
 758
1433
 520
 800
1138
 945
 641
 680
 447
 496
 475
 515
 608
 559
 671
 740
 778
 454
 628
 705
 326
 700
 668
 392
 237
1219
 808
 484
 425
 561
 817
 356
 552
 598
 343
 818
 557
 500
 239
1004
 682
 534
 296
1309
 464
 276
1334
 495
 357
 529
 523
 449
 365
 609
 400
 559
1027
 710
1046
 490
 700
 606
 454
 854
 656
 542
 714
 749
 910
 560
 451
1276
 427
 497
 673
 659
 483
 321
1255
1305
 253
 900
 420
 724
 412
 754
 531
1230
 872
1644
 788
 258
 906
 332
 585
 306
 271
 705
 308
 278
1330
 367
 473
1465
 959
 458
 370
 378
 993
 308
 491
 503
 633
 725
 521
 275
 643
 503
 384
 402
 737
 519
 393
 777
 594
 743
 797
 606
 407
 442
 650
 713
 297
 282
 896
 490
 339
 732
 377
 636
 986
1510
 585
 482
 733
 573
 540
 470
 576
 878
 286
 633
 453
 631
 569
 814
 709
 387
 794
 523
 407
 679
