0.000000
0.000000
19.883927
19.743287
19.606375
19.473045
19.343159
19.216583
19.093195
18.972874
18.855509
18.740990
18.629217
18.520091
18.413520
18.309414
18.207690
18.108267
18.011067
17.916017
17.894130
17.890218
17.895217
17.900194
17.905138
17.910060
17.914949
17.919818
17.924653
17.929469
17.934251
17.939013
17.943743
17.948452
17.953130
17.957788
17.962414
17.967021
17.971596
17.976153
17.980678
17.985184
17.989659
17.994116
17.998541
18.002949
18.007326
18.011686
18.016015
18.020326
18.024608
18.028872
18.033106
18.060775
18.081127
18.104995
18.125143
18.148817
18.168762
18.192243
18.211988
18.235279
18.254825
18.277926
18.297275
18.320189
18.339344
18.362072
18.381033
18.403577
18.422346
18.444708
18.463287
18.485468
18.503860
18.525861
18.544066
18.565890
18.583910
18.605558
18.623396
18.644869
18.662525
18.683826
18.701302
18.722432
18.739730
18.760689
18.777811
18.776075
18.733207
18.698136
18.655868
18.617645
18.579694
18.542039
18.512073
18.471265
18.438133
18.397893
18.361631
18.325628
18.289904
18.261755
18.222899
18.191606
18.153290
18.118887
18.084729
18.050836
18.024409
17.987406
17.957856
17.921363
17.888723
17.856315
17.824159
17.799366
17.764117
17.736221
17.653805
17.572256
17.491558
17.411709
17.332694
17.254510
17.177142
17.100589
17.024834
16.949877
16.875702
16.802308
16.729680
16.657816
16.586702
16.516337
16.446706
16.377808
16.309629
16.242168
16.175410
16.109356
16.043990
15.979313
15.915310
15.891629
15.898196
15.907111
15.911205
15.917645
15.924043
15.935185
15.936718
15.945385
15.951619
15.960210
15.963971
15.972481
15.978555
15.951122
15.911230
15.871698
15.832521
15.793696
15.755221
15.717092
15.679305
15.641859
15.604749
15.567973
15.531528
15.495410
15.459617
15.414895
15.373659
15.326697
15.289355
15.243226
15.203619
15.161359
15.116485
15.078052
15.033982
14.999331
14.956041
14.919131
14.879599
14.837483
14.801669
14.760305
14.728169
14.687533
14.697103
14.712423
14.742341
14.757388
14.787081
14.801859
14.831329
14.845841
14.875090
14.889340
14.918371
14.932360
14.961176
14.974908
15.003510
15.016987
15.045378
15.058604
15.086786
15.099763
15.127739
15.140470
15.168242
15.180730
15.208300
15.220546
15.247917
15.259925
15.287098
15.298871
15.325849
15.337389
15.364173
15.375483
15.402077
15.413159
15.439563
15.450420
15.476638
15.487272
15.513305
15.523718
15.549568
15.559764
15.585433
15.595413
15.620904
15.630671
15.655985
15.665541
15.690680
15.700027
15.724993
15.734135
15.758930
15.767867
15.792493
15.801228
15.825687
15.834223
15.858516
15.866855
15.890985
15.899128
15.923096
15.931047
15.954854
15.962614
15.986263
15.993834
16.017327
16.024712
16.048049
16.055249
16.078434
16.085451
16.108484
16.115321
16.138205
16.144862
16.167598
16.174079
16.196668
16.202974
16.225419
16.231552
16.253853
16.259816
16.281975
16.287769
16.309787
16.315414
16.337294
16.342756
16.364499
16.369797
16.391404
16.396540
16.418014
16.422990
16.444331
16.449149
16.470358
16.475020
16.496100
16.500607
16.521558
16.525912
16.546737
16.550939
16.571639
16.575691
16.596267
16.600171
16.620624
16.624382
16.644713
16.648327
16.668538
16.672008
16.692100
16.695429
16.715404
16.718593
16.738451
16.741502
16.761245
16.764159
16.783789
16.786567
16.806084
16.808728
16.828135
16.830646
16.849943
16.852323
16.871511
16.873761
16.892842
16.894964
16.913938
16.915934
16.934803
16.936673
16.955438
16.957184
16.975847
16.977470
16.996031
16.997533
17.015993
17.017375
17.035735
17.036999
17.055261
17.056407
17.074572
17.075602
17.093670
17.094585
17.112559
17.113361
17.131240
17.131929
17.149715
17.150294
17.167987
17.168456
17.186059
17.186419
17.203932
17.204184
17.221608
17.221755
17.239090
17.239131
17.256380
17.256317
17.273479
17.273314
17.290391
17.290124
17.307117
17.306749
17.323659
17.323192
17.340019
17.339454
17.356199
17.355536
17.372201
17.371442
17.388027
17.387174
17.403680
17.402732
17.419160
17.418119
17.434470
17.433337
17.449612
17.448388
17.464587
17.463273
17.479397
17.477994
17.494045
17.492554
17.508532
17.506954
17.522859
17.521195
17.537029
17.535280
17.551043
17.549210
17.564903
17.56298