0.000000
0.000000
2.024750
2.052250
2.079750
2.107250
2.134750
2.162250
2.189750
2.217250
2.244750
2.272250
2.299750
2.327250
2.354750
2.382250
2.409750
2.437250
2.464750
2.492250
2.499750
2.502250
2.502250
2.502250
2.502250
2.502250
2.502250
2.502250
2.502250
2.502250
2.502250
2.502250
2.502250
2.502250
2.502250
2.502250
2.502250
2.502250
2.502250
2.502250
2.502250
2.502250
2.502250
2.502250
2.502250
2.502250
2.502250
2.502250
2.502250
2.502250
2.502250
2.502250
2.502250
2.499250
2.500750
2.499250
2.500750
2.499250
2.500750
2.499250
2.500750
2.499250
2.500750
2.499250
2.500750
2.499250
2.500750
2.499250
2.500750
2.499250
2.500750
2.499250
2.500750
2.499250
2.500750
2.499250
2.500750
2.499250
2.500750
2.499250
2.500750
2.499250
2.500750
2.499250
2.500750
2.499250
2.500750
2.499250
2.500750
2.497500
2.499500
2.498000
2.500000
2.500250
2.500500
2.500750
2.497500
2.499500
2.498000
2.500000
2.500250
2.500500
2.500750
2.497500
2.499500
2.498000
2.500000
2.500250
2.500500
2.500750
2.497500
2.499500
2.498000
2.500000
2.500250
2.500500
2.500750
2.497500
2.499500
2.498000
2.499750
2.499750
2.499750
2.499750
2.499750
2.499750
2.499750
2.499750
2.499750
2.499750
2.499750
2.499750
2.499750
2.499750
2.499750
2.499750
2.499750
2.499750
2.499750
2.499750
2.499750
2.499750
2.499750
2.499750
2.499750
2.499125
2.499375
2.498000
2.499875
2.500125
2.500375
2.497375
2.500875
2.499500
2.499750
2.498375
2.500250
2.498875
2.499125
2.497875
2.497875
2.497875
2.497875
2.497875
2.497875
2.497875
2.497875
2.497875
2.497875
2.497875
2.497875
2.497875
2.497875
2.500750
2.499250
2.501250
2.498000
2.500000
2.498500
2.498750
2.500750
2.499250
2.501250
2.498000
2.500000
2.498500
2.498750
2.500750
2.499250
2.501250
2.498000
2.500000
2.498500
2.501000
2.498500
2.501000
2.498500
2.501000
2.498500
2.501000
2.498500
2.501000
2.498500
2.501000
2.498500
2.501000
2.498500
2.501000
2.498500
2.501000
2.498500
2.501000
2.498500
2.501000
2.498500
2.501000
2.498500
2.501000
2.498500
2.501000
2.498500
2.501000
2.498500
2.501000
2.498500
2.501000
2.498500
2.501000
2.498500
2.501000
2.498500
2.501000
2.498500
2.501000
2.498500
2.501000
2.498500
2.501000
2.498500
2.501000
2.498500
2.501000
2.498500
2.501000
2.498500
2.501000
2.498500
2.501000
2.498500
2.501000
2.498500
2.501000
2.498500
2.501000
2.498500
2.501000
2.498500
2.501000
2.498500
2.501000
2.498500
2.501000
2.498500
2.501000
2.498500
2.501000
2.498500
2.501000
2.498500
2.501000
2.498500
2.501000
2.498500
2.501000
2.498500
2.501000
2.498500
2.501000
2.498500
2.501000
2.498500
2.501000
2.498500
2.501000
2.498500
2.501000
2.498500
2.501000
2.498500
2.501000
2.498500
2.501000
2.498500
2.501000
2.498500
2.501000
2.498500
2.501000
2.498500
2.501000
2.498500
2.501000
2.498500
2.501000
2.498500
2.501000
2.498500
2.501000
2.498500
2.501000
2.498500
2.501000
2.498500
2.501000
2.498500
2.501000
2.498500
2.501000
2.498500
2.501000
2.498500
2.501000
2.498500
2.501000
2.498500
2.501000
2.498500
2.501000
2.498500
2.501000
2.498500
2.501000
2.498500
2.501000
2.498500
2.501000
2.498500
2.501000
2.498500
2.501000
2.498500
2.501000
2.498500
2.501000
2.498500
2.501000
2.498500
2.501000
2.498500
2.501000
2.498500
2.501000
2.498500
2.501000
2.498500
2.501000
2.498500
2.501000
2.498500
2.501000
2.498500
2.501000
2.498500
2.501000
2.498500
2.501000
2.498500
2.501000
2.498500
2.501000
2.498500
2.501000
2.498500
2.501000
2.498500
2.501000
2.498500
2.501000
2.498500
2.501000
2.498500
2.501000
2.498500
2.501000
2.498500
2.501000
2.498500
2.501000
2.498500
2.501000
2.498500
2.501000
2.498500
2.501000
2.498500
2.501000
2.498500
2.501000
2.498500
2.501000
2.498500
2.501000
2.498500
2.501000
2.498500
2.501000
2.498500
2.501000
2.498500
2.501000
2.498500
2.501000
2.498500
2.501000
2.498500
2.501000
2.498500
2.501000
2.498500
2.501000
2.498500
2.501000
2.498500
2.501000
2.498500
2.501000
2.498500
2.501000
2.498500
2.501000
2.498500
2.501000
2.498500
2.501000
2.498500
2.501000
2.498500
2.501000
2.498500
2.501000
2.498500
2.501000
2.498500
2.501000
2.498500
2.501000
2.498500
2.501000
2.498500
2.501000
2.498500
2.501000
2.498500
2.501000
2.498500
2